0.00
1.90
6.50
5.10
3.30
2.70
3.10
3.70
3.50
3.30
3.00
3.10
3.30
3.30
3.20
3.20
3.40
3.30
3.10
3.20
3.40
3.30
3.30
3.30
3.30
3.20
3.20
3.20
3.30
3.20
3.30
3.30
3.30
3.20
3.10
3.70
3.30
3.20
3.20
3.40
3.30
3.20
3.20
3.20
3.30
3.20
3.30
3.40
3.20
3.10
3.30
3.40
3.40
3.20
3.70
3.10
3.10
3.20
3.30
3.30
3.20
3.20
3.40
3.30
3.10
3.30
3.30
3.40
3.30
3.20
3.30
3.30
3.20
3.20
3.30
3.20
3.30
3.30
3.20
3.20
3.30
3.30
3.30
3.30
3.30
3.30
3.30
3.20
3.10
3.30
3.30
3.20
3.30
3.40
3.20
3.10
3.30
3.40
3.40
3.30
3.20
3.30
3.20
3.30
3.20
3.20
3.20
3.40
3.30
3.20
3.20
3.30
2.00
3.60
4.40
3.60
3.20
2.90
3.10
3.40
3.40
3.10
3.30
3.30
3.30
3.20
3.20
3.40
3.40
3.20
3.30
3.30
